199715
135400
003922
064085
201515
135110
199717
199693
199667
246521
112975
257548
199610
260830
135090
196737
049930
001320
264655
006650
135155
168604
199591
049815
024586
154444
125107
020668
120723
016414
120163
197576
110003
264759
135141
163434
262654
131421
236585
154469
135231
199686
125518
010276
033954
034827
135105
036152
199539
135164
011087
207519
203595
053636
199687
199566
260643
028020
168768
097958
085240
193581
260833
135085
168552
108535
206515
242510
260792
124738
186556
067987
084680
199712
030023
168596
154463
199697
192582
207526
246526
135078